1011111. xxiii

111111 1111 ,111 111 1111 111 11111 111111. 1111111111111111
111 1338 1111111 1111111111 1111111111 11 111 1111111, doeh
denke 111 1111 inan 111111 111111111111111 1111111111111111,
11111111111111 1111111111 1111 11111 11111. 11111 111 1111-
11111111 111 11111111 11111111 1111111111 zur geschichte der
111111111111111 111111 1111111111 brief 11 111 8111111111 1. d.
Frankfurt 4 mai 1324, 111 111 1111111111 1111111111 1111111,
111111111111. Ger 111 wire 1111 11 11111111 1111 11111111
1111 111111111111 brief 11 111 11111 111111111111111111
11111111 111 11111111 dd. 1111111111 3 111. 1322, 111 11
11111 11111111111 (Archiv der Ges 4, 199),11111111111 1111111-
11111111111111111111111111. Wie iibel 111 11 1111, 1111
111111 111111, 11 111 1111 111 11111111111 interesse kndpft,
1111111111111111, 11111111 men 11 11111111 1111111 111 111111-
11111, 111 dem ieder 11111111111 1111111111111111, 111111
11111111 1111111 11111 werde!

10. 11111111111111111111111111111111 ipso 1111111 conscripta.
1316-1311, S. 228-270. 11111111111111111111111111111111
1111111 111111 111111 111 11111111111 111 111111 beiden 1111111
(11111111111111 1111 1111111111) 1111111111. 8111111 11 1111
111 111111 111111 zweiten 111111 81111111, 1111 1111 dem 14
111. 13681 1111 111 1111111111 111111111111111111111111111111,
1111 1111 dem 111111 13761 1111111111 1111111111 die ,1111
111 1111111111111 11111 1111111111 111111, 11111111111111111
Ι111111 1111 111111 1111111111 sein. 111111111111 es 11111111-
ken, dass 111 was wir von dem werke ietzi noch besiizerr nur
1111111111 1111111111 111111111111111, 111 111111 111 bis zum
1111 1341 11111111111111111111, 111 11 1111111111111111-

, 111 111111111111 111. vergi. deshalb s. 1111111 2 1111111111

Geseh. 111 11111111 21, 1111308. 1111 11111 1111111111, 111-
1111111 11111111111111 die niehtigkeit der irdisehen 11111

, 1111111111 111111 111 11111 111111111111111111111111111

1111, 11111111 11 111111 111111 1111111111 111111 111 14 mei

2 1311, 1111111 1111 wie ⁴er nach 111111 11 11111111 1111111111

1111111111 1111111111 11 111 1111111111111 111 11111111 111

1 1111111111111111330 1111111 1111111, 1111111 111 1331 111

1333111 111111111111111 1111111111111 11111111111111111111

, 111111 1111111, 111111 zum 1111111111 1111 111111 1111111
3 Bihmen, 1111 Τ1111, 11111 wieder Bdhmen 11111111111,111111

111111111111111111111111111 war 1111111111 1111111111, 111-

 

